os_text:29.000000,435.000000,3,7
t=$t2.0f 
os_cmap:193.000000,28.000000,487.000000,47.000000,1.000000,1.000000,1.000000,2,0
bbox:2,1.000000,1.000000,0.000000
