os_text:32.000000,450.000000,3,7
t=$t2.1f M
os_cmap:329.000000,18.000000,541.000000,36.000000,1.000000,1.000000,1.000000,2
