os_text:28.000000,391.000000,3,7
t=$t2.1f M
os_cmap:193.000000,28.000000,484.000000,43.000000,1.000000,1.000000,1.000000,2
