os_text:21.000000,361.000000,3,7
t=$t6.4f 
os_text:180.000000,9.000000,3,1
-0.3
os_text:475.000000,10.000000,3,1
0.3
os_text:333.000000,9.000000,3,1
0
os_cmap:193.000000,28.000000,487.000000,47.000000,1.000000,1.000000,1.000000,2,1
bbox:2,1.000000,1.000000,0.000000
