os_text:24.000000,366.000000,3,7
t=$t2.2f M
os_cmap:193.000000,28.000000,487.000000,47.000000,1.000000,1.000000,1.000000,2
